1,21,22
2,22,23
3,23,24
4,24,25
5,25,26
6,26,27
7,27,28
8,28,29
9,29,30
10,30,31
11,31,32
12,32,33
13,33,34
14,34,35
15,35,36
16,36,37
17,37,38
18,38,39
19,39,40
20,40,41
21,41,42
22,43,44
23,44,45
24,45,46
25,46,47
26,47,48
27,48,49
28,49,50
29,50,51
30,51,52
31,52,53
32,53,54
33,54,55
34,55,56
35,56,57
36,57,58
37,58,59
38,59,60
39,60,61
40,61,62
41,62,63
42,63,64
43,65,66
44,66,67
45,67,68
46,68,69
47,69,70
48,70,71
49,71,72
50,72,73
51,73,74
52,74,75
53,75,76
54,76,77
55,77,78
56,78,79
57,79,80
58,80,81
59,81,82
60,82,83
61,83,84
62,84,85
63,85,86
64,87,88
65,88,89
66,89,90
67,90,91
68,91,92
69,92,93
70,93,94
71,94,95
72,95,96
73,96,97
74,97,98
75,98,99
76,99,100
77,100,101
78,101,102
79,102,103
80,103,104
81,104,105
82,105,106
83,106,107
84,107,108
85,109,110
86,110,111
87,111,112
88,112,113
89,113,114
90,114,115
91,115,116
92,116,117
93,117,118
94,118,119
95,119,120
96,120,121
97,121,122
98,122,123
99,123,124
100,124,125
101,125,126
102,126,127
103,127,128
104,128,129
105,129,130
106,131,132
107,132,133
108,133,134
109,134,135
110,135,136
111,136,137
112,137,138
113,138,139
114,139,140
115,140,141
116,141,142
117,142,143
118,143,144
119,144,145
120,145,146
121,146,147
122,147,148
123,148,149
124,149,150
125,150,151
126,151,152
127,153,154
128,154,155
129,155,156
130,156,157
131,157,158
132,158,159
133,159,160
134,160,161
135,161,162
136,162,163
137,163,164
138,164,165
139,165,166
140,166,167
141,167,168
142,168,169
143,169,170
144,170,171
145,171,172
146,172,173
147,173,174
148,175,176
149,176,177
150,177,178
151,178,179
152,179,180
153,180,181
154,181,182
155,182,183
156,183,184
157,184,185
158,185,186
159,186,187
160,187,188
161,188,189
162,189,190
163,190,191
164,191,192
165,192,193
166,193,194
167,194,195
168,195,196
169,197,198
170,198,199
171,199,200
172,200,201
173,201,202
174,202,203
175,203,204
176,204,205
177,205,206
178,206,207
179,207,208
180,208,209
181,209,210
182,210,211
183,211,212
184,212,213
185,213,214
186,214,215
187,215,216
188,216,217
189,217,218
190,219,220
191,220,221
192,221,222
193,222,223
194,223,224
195,224,225
196,225,226
197,226,227
198,227,228
199,228,229
200,229,230
201,230,231
202,231,232
203,232,233
204,233,234
205,234,235
206,235,236
207,236,237
208,237,238
209,238,239
210,239,240
211,1,22
212,2,23
213,3,24
214,4,25
215,5,26
216,6,27
217,7,28
218,8,29
219,9,30
220,10,31
221,11,32
222,12,33
223,13,34
224,14,35
225,15,36
226,16,37
227,17,38
228,18,39
229,19,40
230,20,41
231,22,44
232,23,45
233,24,46
234,25,47
235,26,48
236,27,49
237,28,50
238,29,51
239,30,52
240,31,53
241,32,54
242,33,55
243,34,56
244,35,57
245,36,58
246,37,59
247,38,60
248,39,61
249,40,62
250,41,63
251,44,66
252,45,67
253,46,68
254,47,69
255,48,70
256,49,71
257,50,72
258,51,73
259,52,74
260,53,75
261,54,76
262,55,77
263,56,78
264,57,79
265,58,80
266,59,81
267,60,82
268,61,83
269,62,84
270,63,85
271,66,88
272,67,89
273,68,90
274,69,91
275,70,92
276,71,93
277,72,94
278,73,95
279,74,96
280,75,97
281,76,98
282,77,99
283,78,100
284,79,101
285,80,102
286,81,103
287,82,104
288,83,105
289,84,106
290,85,107
291,88,110
292,89,111
293,90,112
294,91,113
295,92,114
296,93,115
297,94,116
298,95,117
299,96,118
300,97,119
301,98,120
302,99,121
303,100,122
304,101,123
305,102,124
306,103,125
307,104,126
308,105,127
309,106,128
310,107,129
311,110,132
312,111,133
313,112,134
314,113,135
315,114,136
316,115,137
317,116,138
318,117,139
319,118,140
320,119,141
321,120,142
322,121,143
323,122,144
324,123,145
325,124,146
326,125,147
327,126,148
328,127,149
329,128,150
330,129,151
331,132,154
332,133,155
333,134,156
334,135,157
335,136,158
336,137,159
337,138,160
338,139,161
339,140,162
340,141,163
341,142,164
342,143,165
343,144,166
344,145,167
345,146,168
346,147,169
347,148,170
348,149,171
349,150,172
350,151,173
351,154,176
352,155,177
353,156,178
354,157,179
355,158,180
356,159,181
357,160,182
358,161,183
359,162,184
360,163,185
361,164,186
362,165,187
363,166,188
364,167,189
365,168,190
366,169,191
367,170,192
368,171,193
369,172,194
370,173,195
371,176,198
372,177,199
373,178,200
374,179,201
375,180,202
376,181,203
377,182,204
378,183,205
379,184,206
380,185,207
381,186,208
382,187,209
383,188,210
384,189,211
385,190,212
386,191,213
387,192,214
388,193,215
389,194,216
390,195,217
391,198,220
392,199,221
393,200,222
394,201,223
395,202,224
396,203,225
397,204,226
398,205,227
399,206,228
400,207,229
401,208,230
402,209,231
403,210,232
404,211,233
405,212,234
406,213,235
407,214,236
408,215,237
409,216,238
410,217,239
411,220,241
412,221,242
413,222,243
414,223,244
415,224,245
416,225,246
417,226,247
418,227,248
419,228,249
420,229,250
421,230,251
422,231,252
423,232,253
424,233,254
425,234,255
426,235,256
427,236,257
428,237,258
429,238,259
430,239,260
