GRELHA_ECC840_2025_1_MODELO_02
NN
235
NB
430
NOS
1	0	300
2	30	300
3	60	300
4	90	300
5	120	300
6	150	300
7	180	300
8	210	300
9	240	300
10	270	300
11	300	300
12	330	300
13	360	300
14	390	300
15	420	300
16	450	300
17	480	300
18	510	300
19	540	300
20	570	300
21	600	300
22	0	270
23	30	270
24	60	270
25	90	270
26	120	270
27	150	270
28	180	270
29	210	270
30	240	270
31	270	270
32	300	270
33	330	270
34	360	270
35	390	270
36	420	270
37	450	270
38	480	270
39	510	270
40	540	270
41	570	270
42	600	270
43	0	240
44	30	240
45	60	240
46	90	240
47	120	240
48	150	240
49	180	240
50	210	240
51	240	240
52	270	240
53	300	240
54	330	240
55	360	240
56	390	240
57	420	240
58	450	240
59	480	240
60	510	240
61	540	240
62	570	240
63	600	240
64	0	210
65	30	210
66	60	210
67	90	210
68	120	210
69	150	210
70	180	210
71	210	210
72	240	210
73	270	210
74	300	210
75	330	210
76	360	210
77	390	210
78	420	210
79	450	210
80	480	210
81	510	210
82	540	210
83	570	210
84	600	210
85	0	180
86	30	180
87	60	180
88	90	180
89	120	180
90	150	180
91	180	180
92	210	180
93	240	180
94	270	180
95	300	180
96	330	180
97	360	180
98	390	180
99	420	180
100	450	180
101	480	180
102	510	180
103	540	180
104	570	180
105	600	180
106	0	150
107	30	150
108	60	150
109	90	150
110	120	150
111	150	150
112	180	150
113	210	150
114	240	150
115	270	150
116	300	150
117	330	150
118	360	150
119	390	150
120	420	150
121	450	150
122	480	150
123	510	150
124	540	150
125	570	150
126	600	150
127	0	120
128	30	120
129	60	120
130	90	120
131	120	120
132	150	120
133	180	120
134	210	120
135	240	120
136	270	120
137	300	120
138	330	120
139	360	120
140	390	120
141	420	120
142	450	120
143	480	120
144	510	120
145	540	120
146	570	120
147	600	120
148	0	90
149	30	90
150	60	90
151	90	90
152	120	90
153	150	90
154	180	90
155	210	90
156	240	90
157	270	90
158	300	90
159	330	90
160	360	90
161	390	90
162	420	90
163	450	90
164	480	90
165	510	90
166	540	90
167	570	90
168	600	90
169	0	60
170	30	60
171	60	60
172	90	60
173	120	60
174	150	60
175	180	60
176	210	60
177	240	60
178	270	60
179	300	60
180	330	60
181	360	60
182	390	60
183	420	60
184	450	60
185	480	60
186	510	60
187	540	60
188	570	60
189	600	60
190	0	30
191	30	30
192	60	30
193	90	30
194	120	30
195	150	30
196	180	30
197	210	30
198	240	30
199	270	30
200	300	30
201	330	30
202	360	30
203	390	30
204	420	30
205	450	30
206	480	30
207	510	30
208	540	30
209	570	30
210	600	30
211	0	0
212	30	0
213	60	0
214	90	0
215	120	0
216	150	0
217	180	0
218	210	0
219	240	0
220	270	0
221	300	0
222	330	0
223	360	0
224	390	0
225	420	0
226	450	0
227	480	0
228	510	0
229	540	0
230	570	0
231	600	0
232	0	0
233	0	600
234	0	300
235	300	600
BARRAS
1	1	2	10985.0	5492.5	2380.0	991.7
2	2	3	10985.0	5492.5	2380.0	991.7
3	3	4	10985.0	5492.5	2380.0	991.7
4	4	5	10985.0	5492.5	2380.0	991.7
5	5	6	10985.0	5492.5	2380.0	991.7
6	6	7	10985.0	5492.5	2380.0	991.7
7	7	8	10985.0	5492.5	2380.0	991.7
8	8	9	10985.0	5492.5	2380.0	991.7
9	9	10	10985.0	5492.5	2380.0	991.7
10	10	11	10985.0	5492.5	2380.0	991.7
11	11	12	10985.0	5492.5	2380.0	991.7
12	12	13	10985.0	5492.5	2380.0	991.7
13	13	14	10985.0	5492.5	2380.0	991.7
14	14	15	10985.0	5492.5	2380.0	991.7
15	15	16	10985.0	5492.5	2380.0	991.7
16	16	17	10985.0	5492.5	2380.0	991.7
17	17	18	10985.0	5492.5	2380.0	991.7
18	18	19	10985.0	5492.5	2380.0	991.7
19	19	20	10985.0	5492.5	2380.0	991.7
20	20	21	10985.0	5492.5	2380.0	991.7
21	22	23	10985.0	5492.5	2380.0	991.7
22	23	24	10985.0	5492.5	2380.0	991.7
23	24	25	10985.0	5492.5	2380.0	991.7
24	25	26	10985.0	5492.5	2380.0	991.7
25	26	27	10985.0	5492.5	2380.0	991.7
26	27	28	10985.0	5492.5	2380.0	991.7
27	28	29	10985.0	5492.5	2380.0	991.7
28	29	30	10985.0	5492.5	2380.0	991.7
29	30	31	10985.0	5492.5	2380.0	991.7
30	31	32	10985.0	5492.5	2380.0	991.7
31	32	33	10985.0	5492.5	2380.0	991.7
32	33	34	10985.0	5492.5	2380.0	991.7
33	34	35	10985.0	5492.5	2380.0	991.7
34	35	36	10985.0	5492.5	2380.0	991.7
35	36	37	10985.0	5492.5	2380.0	991.7
36	37	38	10985.0	5492.5	2380.0	991.7
37	38	39	10985.0	5492.5	2380.0	991.7
38	39	40	10985.0	5492.5	2380.0	991.7
39	40	41	10985.0	5492.5	2380.0	991.7
40	41	42	10985.0	5492.5	2380.0	991.7
41	43	44	10985.0	5492.5	2380.0	991.7
42	44	45	10985.0	5492.5	2380.0	991.7
43	45	46	10985.0	5492.5	2380.0	991.7
44	46	47	10985.0	5492.5	2380.0	991.7
45	47	48	10985.0	5492.5	2380.0	991.7
46	48	49	10985.0	5492.5	2380.0	991.7
47	49	50	10985.0	5492.5	2380.0	991.7
48	50	51	10985.0	5492.5	2380.0	991.7
49	51	52	10985.0	5492.5	2380.0	991.7
50	52	53	10985.0	5492.5	2380.0	991.7
51	53	54	10985.0	5492.5	2380.0	991.7
52	54	55	10985.0	5492.5	2380.0	991.7
53	55	56	10985.0	5492.5	2380.0	991.7
54	56	57	10985.0	5492.5	2380.0	991.7
55	57	58	10985.0	5492.5	2380.0	991.7
56	58	59	10985.0	5492.5	2380.0	991.7
57	59	60	10985.0	5492.5	2380.0	991.7
58	60	61	10985.0	5492.5	2380.0	991.7
59	61	62	10985.0	5492.5	2380.0	991.7
60	62	63	10985.0	5492.5	2380.0	991.7
61	64	65	10985.0	5492.5	2380.0	991.7
62	65	66	10985.0	5492.5	2380.0	991.7
63	66	67	10985.0	5492.5	2380.0	991.7
64	67	68	10985.0	5492.5	2380.0	991.7
65	68	69	10985.0	5492.5	2380.0	991.7
66	69	70	10985.0	5492.5	2380.0	991.7
67	70	71	10985.0	5492.5	2380.0	991.7
68	71	72	10985.0	5492.5	2380.0	991.7
69	72	73	10985.0	5492.5	2380.0	991.7
70	73	74	10985.0	5492.5	2380.0	991.7
71	74	75	10985.0	5492.5	2380.0	991.7
72	75	76	10985.0	5492.5	2380.0	991.7
73	76	77	10985.0	5492.5	2380.0	991.7
74	77	78	10985.0	5492.5	2380.0	991.7
75	78	79	10985.0	5492.5	2380.0	991.7
76	79	80	10985.0	5492.5	2380.0	991.7
77	80	81	10985.0	5492.5	2380.0	991.7
78	81	82	10985.0	5492.5	2380.0	991.7
79	82	83	10985.0	5492.5	2380.0	991.7
80	83	84	10985.0	5492.5	2380.0	991.7
81	85	86	10985.0	5492.5	2380.0	991.7
82	86	87	10985.0	5492.5	2380.0	991.7
83	87	88	10985.0	5492.5	2380.0	991.7
84	88	89	10985.0	5492.5	2380.0	991.7
85	89	90	10985.0	5492.5	2380.0	991.7
86	90	91	10985.0	5492.5	2380.0	991.7
87	91	92	10985.0	5492.5	2380.0	991.7
88	92	93	10985.0	5492.5	2380.0	991.7
89	93	94	10985.0	5492.5	2380.0	991.7
90	94	95	10985.0	5492.5	2380.0	991.7
91	95	96	10985.0	5492.5	2380.0	991.7
92	96	97	10985.0	5492.5	2380.0	991.7
93	97	98	10985.0	5492.5	2380.0	991.7
94	98	99	10985.0	5492.5	2380.0	991.7
95	99	100	10985.0	5492.5	2380.0	991.7
96	100	101	10985.0	5492.5	2380.0	991.7
97	101	102	10985.0	5492.5	2380.0	991.7
98	102	103	10985.0	5492.5	2380.0	991.7
99	103	104	10985.0	5492.5	2380.0	991.7
100	104	105	10985.0	5492.5	2380.0	991.7
101	106	107	10985.0	5492.5	2380.0	991.7
102	107	108	10985.0	5492.5	2380.0	991.7
103	108	109	10985.0	5492.5	2380.0	991.7
104	109	110	10985.0	5492.5	2380.0	991.7
105	110	111	10985.0	5492.5	2380.0	991.7
106	111	112	10985.0	5492.5	2380.0	991.7
107	112	113	10985.0	5492.5	2380.0	991.7
108	113	114	10985.0	5492.5	2380.0	991.7
109	114	115	10985.0	5492.5	2380.0	991.7
110	115	116	10985.0	5492.5	2380.0	991.7
111	116	117	10985.0	5492.5	2380.0	991.7
112	117	118	10985.0	5492.5	2380.0	991.7
113	118	119	10985.0	5492.5	2380.0	991.7
114	119	120	10985.0	5492.5	2380.0	991.7
115	120	121	10985.0	5492.5	2380.0	991.7
116	121	122	10985.0	5492.5	2380.0	991.7
117	122	123	10985.0	5492.5	2380.0	991.7
118	123	124	10985.0	5492.5	2380.0	991.7
119	124	125	10985.0	5492.5	2380.0	991.7
120	125	126	10985.0	5492.5	2380.0	991.7
121	127	128	10985.0	5492.5	2380.0	991.7
122	128	129	10985.0	5492.5	2380.0	991.7
123	129	130	10985.0	5492.5	2380.0	991.7
124	130	131	10985.0	5492.5	2380.0	991.7
125	131	132	10985.0	5492.5	2380.0	991.7
126	132	133	10985.0	5492.5	2380.0	991.7
127	133	134	10985.0	5492.5	2380.0	991.7
128	134	135	10985.0	5492.5	2380.0	991.7
129	135	136	10985.0	5492.5	2380.0	991.7
130	136	137	10985.0	5492.5	2380.0	991.7
131	137	138	10985.0	5492.5	2380.0	991.7
132	138	139	10985.0	5492.5	2380.0	991.7
133	139	140	10985.0	5492.5	2380.0	991.7
134	140	141	10985.0	5492.5	2380.0	991.7
135	141	142	10985.0	5492.5	2380.0	991.7
136	142	143	10985.0	5492.5	2380.0	991.7
137	143	144	10985.0	5492.5	2380.0	991.7
138	144	145	10985.0	5492.5	2380.0	991.7
139	145	146	10985.0	5492.5	2380.0	991.7
140	146	147	10985.0	5492.5	2380.0	991.7
141	148	149	10985.0	5492.5	2380.0	991.7
142	149	150	10985.0	5492.5	2380.0	991.7
143	150	151	10985.0	5492.5	2380.0	991.7
144	151	152	10985.0	5492.5	2380.0	991.7
145	152	153	10985.0	5492.5	2380.0	991.7
146	153	154	10985.0	5492.5	2380.0	991.7
147	154	155	10985.0	5492.5	2380.0	991.7
148	155	156	10985.0	5492.5	2380.0	991.7
149	156	157	10985.0	5492.5	2380.0	991.7
150	157	158	10985.0	5492.5	2380.0	991.7
151	158	159	10985.0	5492.5	2380.0	991.7
152	159	160	10985.0	5492.5	2380.0	991.7
153	160	161	10985.0	5492.5	2380.0	991.7
154	161	162	10985.0	5492.5	2380.0	991.7
155	162	163	10985.0	5492.5	2380.0	991.7
156	163	164	10985.0	5492.5	2380.0	991.7
157	164	165	10985.0	5492.5	2380.0	991.7
158	165	166	10985.0	5492.5	2380.0	991.7
159	166	167	10985.0	5492.5	2380.0	991.7
160	167	168	10985.0	5492.5	2380.0	991.7
161	169	170	10985.0	5492.5	2380.0	991.7
162	170	171	10985.0	5492.5	2380.0	991.7
163	171	172	10985.0	5492.5	2380.0	991.7
164	172	173	10985.0	5492.5	2380.0	991.7
165	173	174	10985.0	5492.5	2380.0	991.7
166	174	175	10985.0	5492.5	2380.0	991.7
167	175	176	10985.0	5492.5	2380.0	991.7
168	176	177	10985.0	5492.5	2380.0	991.7
169	177	178	10985.0	5492.5	2380.0	991.7
170	178	179	10985.0	5492.5	2380.0	991.7
171	179	180	10985.0	5492.5	2380.0	991.7
172	180	181	10985.0	5492.5	2380.0	991.7
173	181	182	10985.0	5492.5	2380.0	991.7
174	182	183	10985.0	5492.5	2380.0	991.7
175	183	184	10985.0	5492.5	2380.0	991.7
176	184	185	10985.0	5492.5	2380.0	991.7
177	185	186	10985.0	5492.5	2380.0	991.7
178	186	187	10985.0	5492.5	2380.0	991.7
179	187	188	10985.0	5492.5	2380.0	991.7
180	188	189	10985.0	5492.5	2380.0	991.7
181	190	191	10985.0	5492.5	2380.0	991.7
182	191	192	10985.0	5492.5	2380.0	991.7
183	192	193	10985.0	5492.5	2380.0	991.7
184	193	194	10985.0	5492.5	2380.0	991.7
185	194	195	10985.0	5492.5	2380.0	991.7
186	195	196	10985.0	5492.5	2380.0	991.7
187	196	197	10985.0	5492.5	2380.0	991.7
188	197	198	10985.0	5492.5	2380.0	991.7
189	198	199	10985.0	5492.5	2380.0	991.7
190	199	200	10985.0	5492.5	2380.0	991.7
191	200	201	10985.0	5492.5	2380.0	991.7
192	201	202	10985.0	5492.5	2380.0	991.7
193	202	203	10985.0	5492.5	2380.0	991.7
194	203	204	10985.0	5492.5	2380.0	991.7
195	204	205	10985.0	5492.5	2380.0	991.7
196	205	206	10985.0	5492.5	2380.0	991.7
197	206	207	10985.0	5492.5	2380.0	991.7
198	207	208	10985.0	5492.5	2380.0	991.7
199	208	209	10985.0	5492.5	2380.0	991.7
200	209	210	10985.0	5492.5	2380.0	991.7
201	211	212	10985.0	5492.5	2380.0	991.7
202	212	213	10985.0	5492.5	2380.0	991.7
203	213	214	10985.0	5492.5	2380.0	991.7
204	214	215	10985.0	5492.5	2380.0	991.7
205	215	216	10985.0	5492.5	2380.0	991.7
206	216	217	10985.0	5492.5	2380.0	991.7
207	217	218	10985.0	5492.5	2380.0	991.7
208	218	219	10985.0	5492.5	2380.0	991.7
209	219	220	10985.0	5492.5	2380.0	991.7
210	220	221	10985.0	5492.5	2380.0	991.7
211	221	222	10985.0	5492.5	2380.0	991.7
212	222	223	10985.0	5492.5	2380.0	991.7
213	223	224	10985.0	5492.5	2380.0	991.7
214	224	225	10985.0	5492.5	2380.0	991.7
215	225	226	10985.0	5492.5	2380.0	991.7
216	226	227	10985.0	5492.5	2380.0	991.7
217	227	228	10985.0	5492.5	2380.0	991.7
218	228	229	10985.0	5492.5	2380.0	991.7
219	229	230	10985.0	5492.5	2380.0	991.7
220	230	231	10985.0	5492.5	2380.0	991.7
221	1	22	10985.0	5492.5	2380.0	991.7
222	22	43	10985.0	5492.5	2380.0	991.7
223	43	64	10985.0	5492.5	2380.0	991.7
224	64	85	10985.0	5492.5	2380.0	991.7
225	85	106	10985.0	5492.5	2380.0	991.7
226	106	127	10985.0	5492.5	2380.0	991.7
227	127	148	10985.0	5492.5	2380.0	991.7
228	148	169	10985.0	5492.5	2380.0	991.7
229	169	190	10985.0	5492.5	2380.0	991.7
230	190	211	10985.0	5492.5	2380.0	991.7
231	2	23	10985.0	5492.5	2380.0	991.7
232	23	44	10985.0	5492.5	2380.0	991.7
233	44	65	10985.0	5492.5	2380.0	991.7
234	65	86	10985.0	5492.5	2380.0	991.7
235	86	107	10985.0	5492.5	2380.0	991.7
236	107	128	10985.0	5492.5	2380.0	991.7
237	128	149	10985.0	5492.5	2380.0	991.7
238	149	170	10985.0	5492.5	2380.0	991.7
239	170	191	10985.0	5492.5	2380.0	991.7
240	191	212	10985.0	5492.5	2380.0	991.7
241	3	24	10985.0	5492.5	2380.0	991.7
242	24	45	10985.0	5492.5	2380.0	991.7
243	45	66	10985.0	5492.5	2380.0	991.7
244	66	87	10985.0	5492.5	2380.0	991.7
245	87	108	10985.0	5492.5	2380.0	991.7
246	108	129	10985.0	5492.5	2380.0	991.7
247	129	150	10985.0	5492.5	2380.0	991.7
248	150	171	10985.0	5492.5	2380.0	991.7
249	171	192	10985.0	5492.5	2380.0	991.7
250	192	213	10985.0	5492.5	2380.0	991.7
251	4	25	10985.0	5492.5	2380.0	991.7
252	25	46	10985.0	5492.5	2380.0	991.7
253	46	67	10985.0	5492.5	2380.0	991.7
254	67	88	10985.0	5492.5	2380.0	991.7
255	88	109	10985.0	5492.5	2380.0	991.7
256	109	130	10985.0	5492.5	2380.0	991.7
257	130	151	10985.0	5492.5	2380.0	991.7
258	151	172	10985.0	5492.5	2380.0	991.7
259	172	193	10985.0	5492.5	2380.0	991.7
260	193	214	10985.0	5492.5	2380.0	991.7
261	5	26	10985.0	5492.5	2380.0	991.7
262	26	47	10985.0	5492.5	2380.0	991.7
263	47	68	10985.0	5492.5	2380.0	991.7
264	68	89	10985.0	5492.5	2380.0	991.7
265	89	110	10985.0	5492.5	2380.0	991.7
266	110	131	10985.0	5492.5	2380.0	991.7
267	131	152	10985.0	5492.5	2380.0	991.7
268	152	173	10985.0	5492.5	2380.0	991.7
269	173	194	10985.0	5492.5	2380.0	991.7
270	194	215	10985.0	5492.5	2380.0	991.7
271	6	27	10985.0	5492.5	2380.0	991.7
272	27	48	10985.0	5492.5	2380.0	991.7
273	48	69	10985.0	5492.5	2380.0	991.7
274	69	90	10985.0	5492.5	2380.0	991.7
275	90	111	10985.0	5492.5	2380.0	991.7
276	111	132	10985.0	5492.5	2380.0	991.7
277	132	153	10985.0	5492.5	2380.0	991.7
278	153	174	10985.0	5492.5	2380.0	991.7
279	174	195	10985.0	5492.5	2380.0	991.7
280	195	216	10985.0	5492.5	2380.0	991.7
281	7	28	10985.0	5492.5	2380.0	991.7
282	28	49	10985.0	5492.5	2380.0	991.7
283	49	70	10985.0	5492.5	2380.0	991.7
284	70	91	10985.0	5492.5	2380.0	991.7
285	91	112	10985.0	5492.5	2380.0	991.7
286	112	133	10985.0	5492.5	2380.0	991.7
287	133	154	10985.0	5492.5	2380.0	991.7
288	154	175	10985.0	5492.5	2380.0	991.7
289	175	196	10985.0	5492.5	2380.0	991.7
290	196	217	10985.0	5492.5	2380.0	991.7
291	8	29	10985.0	5492.5	2380.0	991.7
292	29	50	10985.0	5492.5	2380.0	991.7
293	50	71	10985.0	5492.5	2380.0	991.7
294	71	92	10985.0	5492.5	2380.0	991.7
295	92	113	10985.0	5492.5	2380.0	991.7
296	113	134	10985.0	5492.5	2380.0	991.7
297	134	155	10985.0	5492.5	2380.0	991.7
298	155	176	10985.0	5492.5	2380.0	991.7
299	176	197	10985.0	5492.5	2380.0	991.7
300	197	218	10985.0	5492.5	2380.0	991.7
301	9	30	10985.0	5492.5	2380.0	991.7
302	30	51	10985.0	5492.5	2380.0	991.7
303	51	72	10985.0	5492.5	2380.0	991.7
304	72	93	10985.0	5492.5	2380.0	991.7
305	93	114	10985.0	5492.5	2380.0	991.7
306	114	135	10985.0	5492.5	2380.0	991.7
307	135	156	10985.0	5492.5	2380.0	991.7
308	156	177	10985.0	5492.5	2380.0	991.7
309	177	198	10985.0	5492.5	2380.0	991.7
310	198	219	10985.0	5492.5	2380.0	991.7
311	10	31	10985.0	5492.5	2380.0	991.7
312	31	52	10985.0	5492.5	2380.0	991.7
313	52	73	10985.0	5492.5	2380.0	991.7
314	73	94	10985.0	5492.5	2380.0	991.7
315	94	115	10985.0	5492.5	2380.0	991.7
316	115	136	10985.0	5492.5	2380.0	991.7
317	136	157	10985.0	5492.5	2380.0	991.7
318	157	178	10985.0	5492.5	2380.0	991.7
319	178	199	10985.0	5492.5	2380.0	991.7
320	199	220	10985.0	5492.5	2380.0	991.7
321	11	32	10985.0	5492.5	2380.0	991.7
322	32	53	10985.0	5492.5	2380.0	991.7
323	53	74	10985.0	5492.5	2380.0	991.7
324	74	95	10985.0	5492.5	2380.0	991.7
325	95	116	10985.0	5492.5	2380.0	991.7
326	116	137	10985.0	5492.5	2380.0	991.7
327	137	158	10985.0	5492.5	2380.0	991.7
328	158	179	10985.0	5492.5	2380.0	991.7
329	179	200	10985.0	5492.5	2380.0	991.7
330	200	221	10985.0	5492.5	2380.0	991.7
331	12	33	10985.0	5492.5	2380.0	991.7
332	33	54	10985.0	5492.5	2380.0	991.7
333	54	75	10985.0	5492.5	2380.0	991.7
334	75	96	10985.0	5492.5	2380.0	991.7
335	96	117	10985.0	5492.5	2380.0	991.7
336	117	138	10985.0	5492.5	2380.0	991.7
337	138	159	10985.0	5492.5	2380.0	991.7
338	159	180	10985.0	5492.5	2380.0	991.7
339	180	201	10985.0	5492.5	2380.0	991.7
340	201	222	10985.0	5492.5	2380.0	991.7
341	13	34	10985.0	5492.5	2380.0	991.7
342	34	55	10985.0	5492.5	2380.0	991.7
343	55	76	10985.0	5492.5	2380.0	991.7
344	76	97	10985.0	5492.5	2380.0	991.7
345	97	118	10985.0	5492.5	2380.0	991.7
346	118	139	10985.0	5492.5	2380.0	991.7
347	139	160	10985.0	5492.5	2380.0	991.7
348	160	181	10985.0	5492.5	2380.0	991.7
349	181	202	10985.0	5492.5	2380.0	991.7
350	202	223	10985.0	5492.5	2380.0	991.7
351	14	35	10985.0	5492.5	2380.0	991.7
352	35	56	10985.0	5492.5	2380.0	991.7
353	56	77	10985.0	5492.5	2380.0	991.7
354	77	98	10985.0	5492.5	2380.0	991.7
355	98	119	10985.0	5492.5	2380.0	991.7
356	119	140	10985.0	5492.5	2380.0	991.7
357	140	161	10985.0	5492.5	2380.0	991.7
358	161	182	10985.0	5492.5	2380.0	991.7
359	182	203	10985.0	5492.5	2380.0	991.7
360	203	224	10985.0	5492.5	2380.0	991.7
361	15	36	10985.0	5492.5	2380.0	991.7
362	36	57	10985.0	5492.5	2380.0	991.7
363	57	78	10985.0	5492.5	2380.0	991.7
364	78	99	10985.0	5492.5	2380.0	991.7
365	99	120	10985.0	5492.5	2380.0	991.7
366	120	141	10985.0	5492.5	2380.0	991.7
367	141	162	10985.0	5492.5	2380.0	991.7
368	162	183	10985.0	5492.5	2380.0	991.7
369	183	204	10985.0	5492.5	2380.0	991.7
370	204	225	10985.0	5492.5	2380.0	991.7
371	16	37	10985.0	5492.5	2380.0	991.7
372	37	58	10985.0	5492.5	2380.0	991.7
373	58	79	10985.0	5492.5	2380.0	991.7
374	79	100	10985.0	5492.5	2380.0	991.7
375	100	121	10985.0	5492.5	2380.0	991.7
376	121	142	10985.0	5492.5	2380.0	991.7
377	142	163	10985.0	5492.5	2380.0	991.7
378	163	184	10985.0	5492.5	2380.0	991.7
379	184	205	10985.0	5492.5	2380.0	991.7
380	205	226	10985.0	5492.5	2380.0	991.7
381	17	38	10985.0	5492.5	2380.0	991.7
382	38	59	10985.0	5492.5	2380.0	991.7
383	59	80	10985.0	5492.5	2380.0	991.7
384	80	101	10985.0	5492.5	2380.0	991.7
385	101	122	10985.0	5492.5	2380.0	991.7
386	122	143	10985.0	5492.5	2380.0	991.7
387	143	164	10985.0	5492.5	2380.0	991.7
388	164	185	10985.0	5492.5	2380.0	991.7
389	185	206	10985.0	5492.5	2380.0	991.7
390	206	227	10985.0	5492.5	2380.0	991.7
391	18	39	10985.0	5492.5	2380.0	991.7
392	39	60	10985.0	5492.5	2380.0	991.7
393	60	81	10985.0	5492.5	2380.0	991.7
394	81	102	10985.0	5492.5	2380.0	991.7
395	102	123	10985.0	5492.5	2380.0	991.7
396	123	144	10985.0	5492.5	2380.0	991.7
397	144	165	10985.0	5492.5	2380.0	991.7
398	165	186	10985.0	5492.5	2380.0	991.7
399	186	207	10985.0	5492.5	2380.0	991.7
400	207	228	10985.0	5492.5	2380.0	991.7
401	19	40	10985.0	5492.5	2380.0	991.7
402	40	61	10985.0	5492.5	2380.0	991.7
403	61	82	10985.0	5492.5	2380.0	991.7
404	82	103	10985.0	5492.5	2380.0	991.7
405	103	124	10985.0	5492.5	2380.0	991.7
406	124	145	10985.0	5492.5	2380.0	991.7
407	145	166	10985.0	5492.5	2380.0	991.7
408	166	187	10985.0	5492.5	2380.0	991.7
409	187	208	10985.0	5492.5	2380.0	991.7
410	208	229	10985.0	5492.5	2380.0	991.7
411	20	41	10985.0	5492.5	2380.0	991.7
412	41	62	10985.0	5492.5	2380.0	991.7
413	62	83	10985.0	5492.5	2380.0	991.7
414	83	104	10985.0	5492.5	2380.0	991.7
415	104	125	10985.0	5492.5	2380.0	991.7
416	125	146	10985.0	5492.5	2380.0	991.7
417	146	167	10985.0	5492.5	2380.0	991.7
418	167	188	10985.0	5492.5	2380.0	991.7
419	188	209	10985.0	5492.5	2380.0	991.7
420	209	230	10985.0	5492.5	2380.0	991.7
421	21	42	10985.0	5492.5	2380.0	991.7
422	42	63	10985.0	5492.5	2380.0	991.7
423	63	84	10985.0	5492.5	2380.0	991.7
424	84	105	10985.0	5492.5	2380.0	991.7
425	105	126	10985.0	5492.5	2380.0	991.7
426	126	147	10985.0	5492.5	2380.0	991.7
427	147	168	10985.0	5492.5	2380.0	991.7
428	168	189	10985.0	5492.5	2380.0	991.7
429	189	210	10985.0	5492.5	2380.0	991.7
430	210	231	10985.0	5492.5	2380.0	991.7
NNR
60
NMOLAS
4
RES
1	1	1	1
2	0	0	1
3	0	0	1
4	0	0	1
5	0	0	1
6	0	0	1
7	0	0	1
8	0	0	1
9	0	0	1
10	0	0	1
11	0	0	1
12	0	0	1
13	0	0	1
14	0	0	1
15	0	0	1
16	0	0	1
17	0	0	1
18	0	0	1
19	0	0	1
20	0	0	1
21	1	1	1
22	0	0	1
42	0	0	1
43	0	0	1
63	0	0	1
64	0	0	1
84	0	0	1
85	0	0	1
105	0	0	1
106	0	0	1
126	0	0	1
127	0	0	1
147	0	0	1
148	0	0	1
168	0	0	1
169	0	0	1
189	0	0	1
190	0	0	1
210	0	0	1
211	1	1	1
212	0	0	1
213	0	0	1
214	0	0	1
215	0	0	1
216	0	0	1
217	0	0	1
218	0	0	1
219	0	0	1
220	0	0	1
221	0	0	1
222	0	0	1
223	0	0	1
224	0	0	1
225	0	0	1
226	0	0	1
227	0	0	1
228	0	0	1
229	0	0	1
230	0	0	1
231	1	1	1
MOLAS
1	1	232	1E15	1E15	1E15
2	21	233	1E15	1E15	1E15
3	211	234	1E15	1E15	1E15
4	231	235	1E15	1E15	1E15
NCAR
2
PERMANENTE
NNC
231
NBC
1
CNO
1	0.0	0.0	-0.3825
2	0.0	0.0	-0.3825
3	0.0	0.0	-0.3825
4	0.0	0.0	-0.3825
5	0.0	0.0	-0.3825
6	0.0	0.0	-0.3825
7	0.0	0.0	-0.3825
8	0.0	0.0	-0.3825
9	0.0	0.0	-0.3825
10	0.0	0.0	-0.3825
11	0.0	0.0	-0.3825
12	0.0	0.0	-0.3825
13	0.0	0.0	-0.3825
14	0.0	0.0	-0.3825
15	0.0	0.0	-0.3825
16	0.0	0.0	-0.3825
17	0.0	0.0	-0.3825
18	0.0	0.0	-0.3825
19	0.0	0.0	-0.3825
20	0.0	0.0	-0.3825
21	0.0	0.0	-0.3825
22	0.0	0.0	-0.3825
23	0.0	0.0	-0.3825
24	0.0	0.0	-0.3825
25	0.0	0.0	-0.3825
26	0.0	0.0	-0.3825
27	0.0	0.0	-0.3825
28	0.0	0.0	-0.3825
29	0.0	0.0	-0.3825
30	0.0	0.0	-0.3825
31	0.0	0.0	-0.3825
32	0.0	0.0	-0.3825
33	0.0	0.0	-0.3825
34	0.0	0.0	-0.3825
35	0.0	0.0	-0.3825
36	0.0	0.0	-0.3825
37	0.0	0.0	-0.3825
38	0.0	0.0	-0.3825
39	0.0	0.0	-0.3825
40	0.0	0.0	-0.3825
41	0.0	0.0	-0.3825
42	0.0	0.0	-0.3825
43	0.0	0.0	-0.3825
44	0.0	0.0	-0.3825
45	0.0	0.0	-0.3825
46	0.0	0.0	-0.3825
47	0.0	0.0	-0.3825
48	0.0	0.0	-0.3825
49	0.0	0.0	-0.3825
50	0.0	0.0	-0.3825
51	0.0	0.0	-0.3825
52	0.0	0.0	-0.3825
53	0.0	0.0	-0.3825
54	0.0	0.0	-0.3825
55	0.0	0.0	-0.3825
56	0.0	0.0	-0.3825
57	0.0	0.0	-0.3825
58	0.0	0.0	-0.3825
59	0.0	0.0	-0.3825
60	0.0	0.0	-0.3825
61	0.0	0.0	-0.3825
62	0.0	0.0	-0.3825
63	0.0	0.0	-0.3825
64	0.0	0.0	-0.3825
65	0.0	0.0	-0.3825
66	0.0	0.0	-0.3825
67	0.0	0.0	-0.3825
68	0.0	0.0	-0.3825
69	0.0	0.0	-0.3825
70	0.0	0.0	-0.3825
71	0.0	0.0	-0.3825
72	0.0	0.0	-0.3825
73	0.0	0.0	-0.3825
74	0.0	0.0	-0.3825
75	0.0	0.0	-0.3825
76	0.0	0.0	-0.3825
77	0.0	0.0	-0.3825
78	0.0	0.0	-0.3825
79	0.0	0.0	-0.3825
80	0.0	0.0	-0.3825
81	0.0	0.0	-0.3825
82	0.0	0.0	-0.3825
83	0.0	0.0	-0.3825
84	0.0	0.0	-0.3825
85	0.0	0.0	-0.3825
86	0.0	0.0	-0.3825
87	0.0	0.0	-0.3825
88	0.0	0.0	-0.3825
89	0.0	0.0	-0.3825
90	0.0	0.0	-0.3825
91	0.0	0.0	-0.3825
92	0.0	0.0	-0.3825
93	0.0	0.0	-0.3825
94	0.0	0.0	-0.3825
95	0.0	0.0	-0.3825
96	0.0	0.0	-0.3825
97	0.0	0.0	-0.3825
98	0.0	0.0	-0.3825
99	0.0	0.0	-0.3825
100	0.0	0.0	-0.3825
101	0.0	0.0	-0.3825
102	0.0	0.0	-0.3825
103	0.0	0.0	-0.3825
104	0.0	0.0	-0.3825
105	0.0	0.0	-0.3825
106	0.0	0.0	-0.3825
107	0.0	0.0	-0.3825
108	0.0	0.0	-0.3825
109	0.0	0.0	-0.3825
110	0.0	0.0	-0.3825
111	0.0	0.0	-0.3825
112	0.0	0.0	-0.3825
113	0.0	0.0	-0.3825
114	0.0	0.0	-0.3825
115	0.0	0.0	-0.3825
116	0.0	0.0	-0.3825
117	0.0	0.0	-0.3825
118	0.0	0.0	-0.3825
119	0.0	0.0	-0.3825
120	0.0	0.0	-0.3825
121	0.0	0.0	-0.3825
122	0.0	0.0	-0.3825
123	0.0	0.0	-0.3825
124	0.0	0.0	-0.3825
125	0.0	0.0	-0.3825
126	0.0	0.0	-0.3825
127	0.0	0.0	-0.3825
128	0.0	0.0	-0.3825
129	0.0	0.0	-0.3825
130	0.0	0.0	-0.3825
131	0.0	0.0	-0.3825
132	0.0	0.0	-0.3825
133	0.0	0.0	-0.3825
134	0.0	0.0	-0.3825
135	0.0	0.0	-0.3825
136	0.0	0.0	-0.3825
137	0.0	0.0	-0.3825
138	0.0	0.0	-0.3825
139	0.0	0.0	-0.3825
140	0.0	0.0	-0.3825
141	0.0	0.0	-0.3825
142	0.0	0.0	-0.3825
143	0.0	0.0	-0.3825
144	0.0	0.0	-0.3825
145	0.0	0.0	-0.3825
146	0.0	0.0	-0.3825
147	0.0	0.0	-0.3825
148	0.0	0.0	-0.3825
149	0.0	0.0	-0.3825
150	0.0	0.0	-0.3825
151	0.0	0.0	-0.3825
152	0.0	0.0	-0.3825
153	0.0	0.0	-0.3825
154	0.0	0.0	-0.3825
155	0.0	0.0	-0.3825
156	0.0	0.0	-0.3825
157	0.0	0.0	-0.3825
158	0.0	0.0	-0.3825
159	0.0	0.0	-0.3825
160	0.0	0.0	-0.3825
161	0.0	0.0	-0.3825
162	0.0	0.0	-0.3825
163	0.0	0.0	-0.3825
164	0.0	0.0	-0.3825
165	0.0	0.0	-0.3825
166	0.0	0.0	-0.3825
167	0.0	0.0	-0.3825
168	0.0	0.0	-0.3825
169	0.0	0.0	-0.3825
170	0.0	0.0	-0.3825
171	0.0	0.0	-0.3825
172	0.0	0.0	-0.3825
173	0.0	0.0	-0.3825
174	0.0	0.0	-0.3825
175	0.0	0.0	-0.3825
176	0.0	0.0	-0.3825
177	0.0	0.0	-0.3825
178	0.0	0.0	-0.3825
179	0.0	0.0	-0.3825
180	0.0	0.0	-0.3825
181	0.0	0.0	-0.3825
182	0.0	0.0	-0.3825
183	0.0	0.0	-0.3825
184	0.0	0.0	-0.3825
185	0.0	0.0	-0.3825
186	0.0	0.0	-0.3825
187	0.0	0.0	-0.3825
188	0.0	0.0	-0.3825
189	0.0	0.0	-0.3825
190	0.0	0.0	-0.3825
191	0.0	0.0	-0.3825
192	0.0	0.0	-0.3825
193	0.0	0.0	-0.3825
194	0.0	0.0	-0.3825
195	0.0	0.0	-0.3825
196	0.0	0.0	-0.3825
197	0.0	0.0	-0.3825
198	0.0	0.0	-0.3825
199	0.0	0.0	-0.3825
200	0.0	0.0	-0.3825
201	0.0	0.0	-0.3825
202	0.0	0.0	-0.3825
203	0.0	0.0	-0.3825
204	0.0	0.0	-0.3825
205	0.0	0.0	-0.3825
206	0.0	0.0	-0.3825
207	0.0	0.0	-0.3825
208	0.0	0.0	-0.3825
209	0.0	0.0	-0.3825
210	0.0	0.0	-0.3825
211	0.0	0.0	-0.3825
212	0.0	0.0	-0.3825
213	0.0	0.0	-0.3825
214	0.0	0.0	-0.3825
215	0.0	0.0	-0.3825
216	0.0	0.0	-0.3825
217	0.0	0.0	-0.3825
218	0.0	0.0	-0.3825
219	0.0	0.0	-0.3825
220	0.0	0.0	-0.3825
221	0.0	0.0	-0.3825
222	0.0	0.0	-0.3825
223	0.0	0.0	-0.3825
224	0.0	0.0	-0.3825
225	0.0	0.0	-0.3825
226	0.0	0.0	-0.3825
227	0.0	0.0	-0.3825
228	0.0	0.0	-0.3825
229	0.0	0.0	-0.3825
230	0.0	0.0	-0.3825
231	0.0	0.0	-0.3825
CBR
1	2	0.000	0.0
SOBRECARGA
NNC
231
NBC
1
CNO
1	0.0	0.0	-0.2250
2	0.0	0.0	-0.2250
3	0.0	0.0	-0.2250
4	0.0	0.0	-0.2250
5	0.0	0.0	-0.2250
6	0.0	0.0	-0.2250
7	0.0	0.0	-0.2250
8	0.0	0.0	-0.2250
9	0.0	0.0	-0.2250
10	0.0	0.0	-0.2250
11	0.0	0.0	-0.2250
12	0.0	0.0	-0.2250
13	0.0	0.0	-0.2250
14	0.0	0.0	-0.2250
15	0.0	0.0	-0.2250
16	0.0	0.0	-0.2250
17	0.0	0.0	-0.2250
18	0.0	0.0	-0.2250
19	0.0	0.0	-0.2250
20	0.0	0.0	-0.2250
21	0.0	0.0	-0.2250
22	0.0	0.0	-0.2250
23	0.0	0.0	-0.2250
24	0.0	0.0	-0.2250
25	0.0	0.0	-0.2250
26	0.0	0.0	-0.2250
27	0.0	0.0	-0.2250
28	0.0	0.0	-0.2250
29	0.0	0.0	-0.2250
30	0.0	0.0	-0.2250
31	0.0	0.0	-0.2250
32	0.0	0.0	-0.2250
33	0.0	0.0	-0.2250
34	0.0	0.0	-0.2250
35	0.0	0.0	-0.2250
36	0.0	0.0	-0.2250
37	0.0	0.0	-0.2250
38	0.0	0.0	-0.2250
39	0.0	0.0	-0.2250
40	0.0	0.0	-0.2250
41	0.0	0.0	-0.2250
42	0.0	0.0	-0.2250
43	0.0	0.0	-0.2250
44	0.0	0.0	-0.2250
45	0.0	0.0	-0.2250
46	0.0	0.0	-0.2250
47	0.0	0.0	-0.2250
48	0.0	0.0	-0.2250
49	0.0	0.0	-0.2250
50	0.0	0.0	-0.2250
51	0.0	0.0	-0.2250
52	0.0	0.0	-0.2250
53	0.0	0.0	-0.2250
54	0.0	0.0	-0.2250
55	0.0	0.0	-0.2250
56	0.0	0.0	-0.2250
57	0.0	0.0	-0.2250
58	0.0	0.0	-0.2250
59	0.0	0.0	-0.2250
60	0.0	0.0	-0.2250
61	0.0	0.0	-0.2250
62	0.0	0.0	-0.2250
63	0.0	0.0	-0.2250
64	0.0	0.0	-0.2250
65	0.0	0.0	-0.2250
66	0.0	0.0	-0.2250
67	0.0	0.0	-0.2250
68	0.0	0.0	-0.2250
69	0.0	0.0	-0.2250
70	0.0	0.0	-0.2250
71	0.0	0.0	-0.2250
72	0.0	0.0	-0.2250
73	0.0	0.0	-0.2250
74	0.0	0.0	-0.2250
75	0.0	0.0	-0.2250
76	0.0	0.0	-0.2250
77	0.0	0.0	-0.2250
78	0.0	0.0	-0.2250
79	0.0	0.0	-0.2250
80	0.0	0.0	-0.2250
81	0.0	0.0	-0.2250
82	0.0	0.0	-0.2250
83	0.0	0.0	-0.2250
84	0.0	0.0	-0.2250
85	0.0	0.0	-0.2250
86	0.0	0.0	-0.2250
87	0.0	0.0	-0.2250
88	0.0	0.0	-0.2250
89	0.0	0.0	-0.2250
90	0.0	0.0	-0.2250
91	0.0	0.0	-0.2250
92	0.0	0.0	-0.2250
93	0.0	0.0	-0.2250
94	0.0	0.0	-0.2250
95	0.0	0.0	-0.2250
96	0.0	0.0	-0.2250
97	0.0	0.0	-0.2250
98	0.0	0.0	-0.2250
99	0.0	0.0	-0.2250
100	0.0	0.0	-0.2250
101	0.0	0.0	-0.2250
102	0.0	0.0	-0.2250
103	0.0	0.0	-0.2250
104	0.0	0.0	-0.2250
105	0.0	0.0	-0.2250
106	0.0	0.0	-0.2250
107	0.0	0.0	-0.2250
108	0.0	0.0	-0.2250
109	0.0	0.0	-0.2250
110	0.0	0.0	-0.2250
111	0.0	0.0	-0.2250
112	0.0	0.0	-0.2250
113	0.0	0.0	-0.2250
114	0.0	0.0	-0.2250
115	0.0	0.0	-0.2250
116	0.0	0.0	-0.2250
117	0.0	0.0	-0.2250
118	0.0	0.0	-0.2250
119	0.0	0.0	-0.2250
120	0.0	0.0	-0.2250
121	0.0	0.0	-0.2250
122	0.0	0.0	-0.2250
123	0.0	0.0	-0.2250
124	0.0	0.0	-0.2250
125	0.0	0.0	-0.2250
126	0.0	0.0	-0.2250
127	0.0	0.0	-0.2250
128	0.0	0.0	-0.2250
129	0.0	0.0	-0.2250
130	0.0	0.0	-0.2250
131	0.0	0.0	-0.2250
132	0.0	0.0	-0.2250
133	0.0	0.0	-0.2250
134	0.0	0.0	-0.2250
135	0.0	0.0	-0.2250
136	0.0	0.0	-0.2250
137	0.0	0.0	-0.2250
138	0.0	0.0	-0.2250
139	0.0	0.0	-0.2250
140	0.0	0.0	-0.2250
141	0.0	0.0	-0.2250
142	0.0	0.0	-0.2250
143	0.0	0.0	-0.2250
144	0.0	0.0	-0.2250
145	0.0	0.0	-0.2250
146	0.0	0.0	-0.2250
147	0.0	0.0	-0.2250
148	0.0	0.0	-0.2250
149	0.0	0.0	-0.2250
150	0.0	0.0	-0.2250
151	0.0	0.0	-0.2250
152	0.0	0.0	-0.2250
153	0.0	0.0	-0.2250
154	0.0	0.0	-0.2250
155	0.0	0.0	-0.2250
156	0.0	0.0	-0.2250
157	0.0	0.0	-0.2250
158	0.0	0.0	-0.2250
159	0.0	0.0	-0.2250
160	0.0	0.0	-0.2250
161	0.0	0.0	-0.2250
162	0.0	0.0	-0.2250
163	0.0	0.0	-0.2250
164	0.0	0.0	-0.2250
165	0.0	0.0	-0.2250
166	0.0	0.0	-0.2250
167	0.0	0.0	-0.2250
168	0.0	0.0	-0.2250
169	0.0	0.0	-0.2250
170	0.0	0.0	-0.2250
171	0.0	0.0	-0.2250
172	0.0	0.0	-0.2250
173	0.0	0.0	-0.2250
174	0.0	0.0	-0.2250
175	0.0	0.0	-0.2250
176	0.0	0.0	-0.2250
177	0.0	0.0	-0.2250
178	0.0	0.0	-0.2250
179	0.0	0.0	-0.2250
180	0.0	0.0	-0.2250
181	0.0	0.0	-0.2250
182	0.0	0.0	-0.2250
183	0.0	0.0	-0.2250
184	0.0	0.0	-0.2250
185	0.0	0.0	-0.2250
186	0.0	0.0	-0.2250
187	0.0	0.0	-0.2250
188	0.0	0.0	-0.2250
189	0.0	0.0	-0.2250
190	0.0	0.0	-0.2250
191	0.0	0.0	-0.2250
192	0.0	0.0	-0.2250
193	0.0	0.0	-0.2250
194	0.0	0.0	-0.2250
195	0.0	0.0	-0.2250
196	0.0	0.0	-0.2250
197	0.0	0.0	-0.2250
198	0.0	0.0	-0.2250
199	0.0	0.0	-0.2250
200	0.0	0.0	-0.2250
201	0.0	0.0	-0.2250
202	0.0	0.0	-0.2250
203	0.0	0.0	-0.2250
204	0.0	0.0	-0.2250
205	0.0	0.0	-0.2250
206	0.0	0.0	-0.2250
207	0.0	0.0	-0.2250
208	0.0	0.0	-0.2250
209	0.0	0.0	-0.2250
210	0.0	0.0	-0.2250
211	0.0	0.0	-0.2250
212	0.0	0.0	-0.2250
213	0.0	0.0	-0.2250
214	0.0	0.0	-0.2250
215	0.0	0.0	-0.2250
216	0.0	0.0	-0.2250
217	0.0	0.0	-0.2250
218	0.0	0.0	-0.2250
219	0.0	0.0	-0.2250
220	0.0	0.0	-0.2250
221	0.0	0.0	-0.2250
222	0.0	0.0	-0.2250
223	0.0	0.0	-0.2250
224	0.0	0.0	-0.2250
225	0.0	0.0	-0.2250
226	0.0	0.0	-0.2250
227	0.0	0.0	-0.2250
228	0.0	0.0	-0.2250
229	0.0	0.0	-0.2250
230	0.0	0.0	-0.2250
231	0.0	0.0	-0.2250
CBR
1	2	0.000	0.0